14
NULL 0 Common 0
Joined 7 0,255,0,255,0,0,0,0,0,0 Latin 1 0 1 Joined	# Joined [4a 6f 69 6e 65 64 ]a
|Broken|0|1 15 0,255,0,255,0,0,0,0,0,0 Common 2 10 2 |Broken|0|1	# Broken
x 3 0,255,0,255,0,0,0,0,0,0 Latin 3 0 3 x	# x [78 ]a
1 8 0,255,0,255,0,0,0,0,0,0 Common 4 2 4 1	# 1 [31 ]0
5 8 0,255,0,255,0,0,0,0,0,0 Common 5 2 5 5	# 5 [35 ]0
0 8 0,255,0,255,0,0,0,0,0,0 Common 6 2 6 0	# 0 [30 ]0
2 8 0,255,0,255,0,0,0,0,0,0 Common 7 2 7 2	# 2 [32 ]0
3 8 0,255,0,255,0,0,0,0,0,0 Common 8 2 8 3	# 3 [33 ]0
4 8 0,255,0,255,0,0,0,0,0,0 Common 9 2 9 4	# 4 [34 ]0
6 8 0,255,0,255,0,0,0,0,0,0 Common 10 2 10 6	# 6 [36 ]0
7 8 0,255,0,255,0,0,0,0,0,0 Common 11 2 11 7	# 7 [37 ]0
8 8 0,255,0,255,0,0,0,0,0,0 Common 12 2 12 8	# 8 [38 ]0
9 8 0,255,0,255,0,0,0,0,0,0 Common 13 2 13 9	# 9 [39 ]0
X 3 0,255,0,255,0,0,0,0,0,0 Latin 14 0 14 X	# X [58 ]a

